1 1 1 H Hydrogen 1.0079  -259 -253 0.09 1776 13.5984 
1 18 2 He Helium 4.0026 -272 -269 0.18 1895 24.5874 
2 1 3 Li Lithium 6.941 180 1347 0.53 1817 5.3917     
2 2 4 Be Beryllium 9.0122 1278 2970 1.85 1797 9.3227
2 13 5 B Boron 10.811 2300 2550 2.34 1808 8.298 
2 14 6 C Carbon 12.0107 3500 4827 2.26 0 11.2603 
2 15 7 N Nitrogen 14.0067 -210 -196 1.25 1772 14.5341 
2 16 8 O Oxygen 15.9994 -218 -183 1.43 1774 13.6181 
2 17 9 F Fluorine 18.9984 -220 -188 1.7 1886 17.4228 
2 18 10 Ne Neon 20.1797 -249 -246 .9 1898 21.5645 
3 1 11  Na Sodium 22.9897 98 883 .97 1807 5.1391 
3 2 12 Mg Magnesium 24.305 639 1090 1.74 1755 7.6462 
3 13 13 Al Aluminium 26.9815 660 2467 2.7 1825 5.9858 
3 14 14 Si Silicon 28.0855 1410 2355 2.33 1824 8.1517 
3 15 15 P Phosphorus 30.9738 44 280 1.82 1669 10.4867 
3 16 16 S Sulphur 32.065 113 445 2.07 0 10.36 
3 17 17 Cl Chlorine 35.453 -10 -35 3.32 1774 12.9676 
3 18 18 Ar Argon 39.948 -189 -186 1.78 1894 15.7596 
4 1 19 K Potassium 39.0983 64 774 .86 1807 4.3407 
4 2 20 Ca Calcium 40.078 839 1484 1.55 1808 6.1132 
4 3 21 Sc Scandium 44.9559 1539 2832 2.99 1879 6.5615 
4 4 22 Ti Titanium 47.867 1660 3287 4.54 1791 6.8281 
4 5 23 V Vanadium 50.9415 1890 3380 6.11 1830 6.7462 
4 6 24 Cr Chromium 51.9961 1857 2672 7.19 1797 6.7665 
4 7 25 Mn Manganese 54.938 1245 1962 7.43 1774 7.434 
4 8 26 Fe Iron 55.845 1535 2750 7.87 0 7.9024 
4 9 27 Co Cobalt 58.9332 1495 2870 8.9 1735 7.881 
4 10 28 Ni Nickel 58.6934 1453 2732 8.9 1751 7.6398 
4 11 29 Cu Copper 63.546 1083 2567 8.96 0 7.7264 
4 12 30 Zn Zinc 65.39 420 907 7.13 0 9.3942 
4 13 31 Ga Gallium 69.723 30 2403 5.91 1875 5.9993 
4 14 32 Ge Germanium 72.64 937 2830 5.32 1886 7.8994 
4 15 33 As Arsenic 74.9216 81 613 5.72 0 9.7886 
4 16 34 Se Selenium 78.96  217 685 4.79 1817 9.7524 
4 17 35 Br Bromine 79.904 -7 59 3.12 1826 11.8138 
4 18 36 Kr Krypton 83.8 -157 -153 3.75 1898 13.9996 
5 1 37 Rb Rubidium 85.4678 39 688 1.63 1861 4.1771 
5 2 38 Sr Strontium 87.62 769 1384 2.54 1790 5.6949
5 3 39 Y Yttrium 88.9059 1523 3337 4.47 1794 6.2173
5 4 40 Zr Zirconium 91.224 1852 4377 6.51 1789 6.6339
5 5 41 Nb Niobium 92.9064 2468 4927 8.57 1801 6.7589 
5 6 42 Mo Molybdenum 95.94 2617 4612 10.22 1781 7.0924
5 7 43 Tc Technetium 98 2200 4877 11.5 1937 7.28 
5 8 44 Ru Ruthenium 101.07 2250 3900 12.37 1844 7.3605 
5 9 45 Rh Rhodium 102.9055 1966 3727 12.41 1803 7.4589 
5 10 46 Pd Palladium 106.42 1552 2927 12.02 1803 8.3369 
5 11 47 Ag Silver 107.8682 962 2212 10.5 0 7.5762 
5 12 48 Cd Cadmium 112.411 321 765 8.65 1817 8.9938 
5 13 49 In Indium 114.818 157 2000 7.31 1863 5.7864 
5 14 50 Sn Tin 118.71 232 2270 7.31 0 7.3439 
5 15 51 Sb Antimony 121.76 630 1750 6.68 0 8.6084 
5 16 52 Te Tellurium 127.6 449 990 6.24 1783 9.0096 
5 17 53 I Iodine 126.9045 114 184 4.93 1811 10.4513 
5 18 54 Xe Xenon 131.293 -112 -108 5.9 1898 12.1298 
6 1 55 Cs Cesium 132.9055 29 678 1.87 1860 3.8939 
6 2 56 Ba Barium 137.327 725 1140 3.59 1808 5.2117 
6 3 57 La Lanthanum 138.9055 920 3469 6.15 1839 5.5769 
6 3 58 Ce Cerium 140.116 795 3257 6.77 1803 5.5387 
6 3 59 Pr Praseodymium 140.9077 935 3127 6.77 1885 5.473 
6 3 60 Nd Neodymium 144.24 1010 3127 7.01 1885 5.525 
6 3 61 Pm Promethium 145 1100 3000 7.3 1945 5.582 
6 3 62 Sm Samarium 150.36 1072 1900 7.52 1879 5.637 
6 3 63 Eu Europium 151.964 822 1597 5.24 1901 5.6704 
6 3 64 Gd Gadolinium 157.25 1311 3233 7.9 1880 6.1501 
6 3 65 Tb Terbium 158.9253 1360 3041 8.23 1843 5.8638 
6 3 66 Dy Dysprosium 162.5 1412 2562 8.55 1886 5.9389 
6 3 67 Ho Holmium 164.9303 1470 2720 8.8 1867 6.0215 
6 3 68 Er Erbium 167.259 1522 2510 9.07 1842 6.1077 
6 3 69 Tm Thulium 168.9342 1545 1727 9.32 1879 6.1843 
6 3 70 Yb Ytterbium 173.04 824 1466 6.9 1878 6.2542 
6 3 71 Lu Lutetium 174.967 1656 3315 9.84 1907 5.4259 
6 4 72 Hf Hafnium 178.49 2150 5400 13.31 1923 6.8251 
6 5 73 Ta Tantalum 180.9479 2996 5425 16.65  1802 7.5496 
6 6 74 W Tungsten 183.84 3410 5660 19.35 1783 7.864 
6 7 75 Re Rhenium 186.207 3180 5627 21.04 1925 7.8335 
6 8 76 Os Osmium 190.23 3045 5027 22.6 1803 8.4382 
6 9 77 Ir Iridium 192.217 2410 4527 22.4 1803 8.967 
6 10 78 Pt Platinum 195.078 1772 3827 21.45 1735 8.9587 
6 11 79 Au Gold 196.9665 1064 2807 19.32 0 9.2255 
6 12 80 Hg Mercury 200.59 -39 357 13.55 0 10.4375 
6 13 81 Tl Thallium  204.3833 303 1457 11.85 1861 6.1082 
6 14 82 Pb Lead 207.2 327 1740 11.35 0 7.4167 
6 15 83 Bi Bismuth 208.9804 271 1560 9.75 0 7.2856 
6 16 84 Po Polonium 209 254 962 9.3 1898 8.417 
6 17 85 At Astatine 210 302 337 0 1940 9.3 
6 18 86 Rn Radon 222 -71 -62 9.73 1900 10.7485 
7 1 87 Fr Francium 223 27 677 0 1939 4.0727 
7 2 88 Ra Radium 226 700 1737 5.5 1898 5.2784 
7 3 89 Ac Actinium 227 1050 3200 10.07 1899 5.17 
7 3 90 Th Thorium 232.0381 1750 4790 11.72 1829 6.3067 
7 3 91 Pa Protactinium 231.0359 1564 0 15.4 1913 5.89 
7 3 92 U Uranium 238.0289 1132 3818 18.95 1789 6.1941 
7 3 93 Np Neptunium 237 640 3902 20.2 1940 6.2657 
7 3 94 Pu Plutonium 244 640 3235 19.84 1940 6.0262 
7 3 95 Am Americium 243 994 2607 13.67 1944 5.9738 
7 3 96 Cm Curium 247 1340 0 13.5 1944 5.9915 
7 3 97 Bk Berkelium 247 986 0 14.78 1949 6.1979 
7 3 98 Cf Californium 251 900 0 15.1 1950 6.2817 
7 3 99 Es Einsteinium 252 860 0 0 1952 6.42 
7 3 100 Fm Fermium 257 1527 0 0 1952 6.5 
7 3 101 Md Mendelevium 258 0 0 0 1955 6.58 
7 3 102 No Nobelium 259 1827 0 0 1958 6.65 
7 3 103 Lr Lawrencium 262 1627 0 0 1961 4.9
7 4 104 Rf Rutherfordium 261 0 0 0 1964 0 
7 5 105 Db Dubnium 262 0 0 0 1967 0 
7 6 106 Sg Seaborgium 263 0 0 0 1974 0 
7 7 107 Bh Bohrium 262 0 0 0 1981 0 
7 8 108 Hs Hassium 265 0 0 0 1984 0 
7 9 109 Mt Meitnerium 266 0 0 0 1982 0 
7 10 110 Ds Darmstadtium 281 0 0 0 1994 0 
7 11 111 Rg Roentgenium 272 0 0 0 1994 0 
7 12 112 Cn Copernicium 285 0 0 0 1996 0 
7 13 113 ut Ununtrium 284 0 0 0 2003 0 
7 14 114 Fl Flerovium 289 0 0 0 1999 0 
7 15 115 up Ununpentium 288 0 0 0 2003 0 
7 16 116 Lv Livermorium 292 0 0 0 2000 0 
7 17 117 us Ununseptium 0 0 0 0 2010 0 
7 18 118 uo Ununoctium 294 0 0 0 2002 0